# name: debug
# type: sparse matrix
# nnz: 1764
# rows: 42
# columns: 42

1 1 3665.42157
2 1 110.372795
3 1 399.418211
4 1 -3951.52571
5 1 149214.416
6 1 9283.08974
7 1 -2403.97819
8 1 -9.37905041
9 1 -252.991079
10 1 889.688003
11 1 -69196.0762
12 1 -5032.98817
13 1 -403.98911
14 1 -58.4700219
15 1 -93.3978266
16 1 1191.30037
17 1 -17805.8568
18 1 -1327.57052
19 1 -364.304397
20 1 -33.315393
21 1 -17.2169489
22 1 727.323044
23 1 -7285.43649
24 1 -574.708975
25 1 -94.1469213
26 1 2.9373404
27 1 -19.1656065
28 1 43.2544084
29 1 -5182.58328
30 1 -528.827713
31 1 -50.443637
32 1 4.51959851
33 1 -10.6693557
34 1 -115.524716
35 1 -2668.80861
36 1 -365.698997
37 1 -18.3970583
38 1 16.684343
39 1 9.32813366
40 1 -588.17391
41 1 -1071.2653
42 1 -445.011973
1 2 110.372795
2 2 4990.94227
3 2 162.783188
4 2 -174691.944
5 2 3961.49968
6 2 -21677.0721
7 2 -99.8922044
8 2 -3219.44445
9 2 -102.940724
10 2 70507.8245
11 2 -3047.42598
12 2 5776.48011
13 2 -47.1939095
14 2 -749.276626
15 2 -32.5058754
16 2 22879.669
17 2 -865.673108
18 2 8143.08831
19 2 -31.377554
20 2 -470.177173
21 2 -21.4502509
22 2 8211.46504
23 2 -680.127652
24 2 2121.52377
25 2 3.8214176
26 2 -95.1723054
27 2 -9.62179952
28 2 4853.10759
29 2 -16.1366812
30 2 948.901593
31 2 4.85022568
32 2 -66.1244458
33 2 -5.60730748
34 2 3132.41169
35 2 134.633811
36 2 798.485687
37 2 16.8141287
38 2 -77.0333562
39 2 -0.148083611
40 2 3073.6693
41 2 584.048557
42 2 1017.23567
1 3 399.418211
2 3 162.783188
3 3 328.149725
4 3 -10405.5673
5 3 26170.6951
6 3 5.72040872
7 3 -250.912588
8 3 -88.9809476
9 3 -238.083627
10 3 4779.08169
11 3 -14823.9895
12 3 -138.404942
13 3 -65.0613509
14 3 -29.4249802
15 3 -40.5718401
16 3 1538.75428
17 3 -3319.55492
18 3 91.4750394
19 3 -16.0613691
20 3 -16.6917077
21 3 -6.69902755
22 3 701.515559
23 3 -1157.58076
24 3 17.9374274
25 3 -12.5859485
26 3 -6.95688361
27 3 -6.07461311
28 3 422.169674
29 3 -775.098261
30 3 4.32850358
31 3 -5.6759447
32 3 -3.58462166
33 3 -3.23279781
34 3 185.156136
35 3 -304.263495
36 3 7.65557003
37 3 3.72177892
38 3 -1.04859931
39 3 2.01444644
40 3 47.1459249
41 3 127.547885
42 3 15.2694429
1 4 -3951.52571
2 4 -174691.944
3 4 -10405.5673
4 4 8747452.27
5 4 -281599.714
6 4 1416726.64
7 4 3734.07594
8 4 93558.281
9 4 6371.97213
10 4 -3048404.35
11 4 236230.69
12 4 -537133.613
13 4 1425.0653
14 4 33738.7568
15 4 2216.06669
16 4 -1296104.79
17 4 61688.1234
18 4 -389537.369
19 4 1298.53264
20 4 18479.9824
21 4 1359.19396
22 4 -645811.008
23 4 45270.374
24 4 -140351.524
25 4 -141.434078
26 4 7604.88616
27 4 852.921069
28 4 -435459.814
29 4 9294.53175
30 4 -81949.0654
31 4 -346.86009
32 4 5639.4709
33 4 486.852934
34 4 -299600.542
35 4 -8659.5187
36 4 -66446.674
37 4 -1309.969
38 4 6483.3229
39 4 36.941268
40 4 -294928.804
41 4 -45964.7161
42 4 -83366.6887
1 5 149214.416
2 5 3961.49968
3 5 26170.6951
4 5 -281599.714
5 5 8640704.74
6 5 633058.598
7 5 -85039.0224
8 5 -693.582458
9 5 -18078.1259
10 5 127062.275
11 5 -3605284.63
12 5 -295086.033
13 5 -23151.4774
14 5 -2060.14865
15 5 -5637.59132
16 5 85519.7502
17 5 -1223267.06
18 5 -103536.852
19 5 -15149.3893
20 5 -1412.49121
21 5 -1845.83648
22 5 50020.9407
23 5 -655888.03
24 5 -56392.91
25 5 -7793.2685
26 5 91.6949123
27 5 -1686.54509
28 5 11814.9661
29 5 -474086.782
30 5 -46007.481
31 5 -4496.00626
32 5 307.421514
33 5 -913.669184
34 5 -6658.67934
35 5 -267955.554
36 5 -31230.0195
37 5 -1964.92288
38 5 1276.1447
39 5 697.818147
40 5 -45751.0256
41 5 -139397.017
42 5 -37552.1416
1 6 9283.08974
2 6 -21677.0721
3 6 5.72040872
4 6 1416726.64
5 6 633058.598
6 6 766881.803
7 6 -4950.2594
8 6 6320.80081
9 6 -113.694676
10 6 -507872.149
11 6 -246565.106
12 6 -408560.911
13 6 -1485.47903
14 6 8174.53915
15 6 53.1959743
16 6 -269717.243
17 6 -91504.9568
18 6 -167979.518
19 6 -714.60447
20 6 2149.00797
21 6 6.64282866
22 6 -94167.3934
23 6 -47338.6849
24 6 -42529.5556
25 6 -584.451681
26 6 968.045096
27 6 -10.2321152
28 6 -55101.0147
29 6 -33846.0988
30 6 -24348.161
31 6 -409.88155
32 6 826.204171
33 6 -2.54834359
34 6 -37275.7513
35 6 -19757.7884
36 6 -19170.8701
37 6 -473.085618
38 6 1060.88786
39 6 20.9554836
40 6 -40112.5321
41 6 -19362.0838
42 6 -24948.668
1 7 -2403.97819
2 7 -99.8922044
3 7 -250.912588
4 7 3734.07594
5 7 -85039.0224
6 7 -4950.2594
7 7 6576.10652
8 7 -61.7410232
9 7 772.853997
10 7 -1310.28281
11 7 212531.675
12 7 9835.66478
13 7 -2700.2525
14 7 21.6857573
15 7 -484.915349
16 7 3037.09513
17 7 -69469.1485
18 7 -903.024561
19 7 -833.220029
20 7 -6.53505329
21 7 -62.0741306
22 7 533.036086
23 7 -13410.1214
24 7 -377.468847
25 7 -190.923713
26 7 -5.6108375
27 7 -25.8043905
28 7 449.400458
29 7 -9192.86383
30 7 -743.751689
31 7 -59.9328919
32 7 1.31772092
33 7 -21.9878135
34 7 0.445893097
35 7 -3263.35571
36 7 -467.131178
37 7 -17.4038709
38 7 22.0292073
39 7 10.0934301
40 7 -713.337749
41 7 -1029.39114
42 7 -559.83484
1 8 -9.37905041
2 8 -3219.44445
3 8 -88.9809476
4 8 93558.281
5 8 -693.582458
6 8 6320.80081
7 8 -61.7410232
8 8 8893.58788
9 8 215.124667
10 8 -239305.041
11 8 1253.76131
12 8 -29201.6446
13 8 189.603142
14 8 -3707.35808
15 8 -13.4699247
16 8 70414.2986
17 8 618.512494
18 8 13746.0519
19 8 32.7740667
20 8 -1114.11351
21 8 -31.4361729
22 8 15205.5951
23 8 12.6767593
24 8 2199.26252
25 8 1.66412884
26 8 -202.179985
27 8 -16.0600565
28 8 8832.41453
29 8 -102.222997
30 8 1592.26665
31 8 5.26343082
32 8 -142.604249
33 8 -8.4852173
34 8 4779.70417
35 8 161.5187
36 8 931.644671
37 8 24.4768033
38 8 -108.535523
39 8 -1.21011953
40 8 3935.22048
41 8 787.460479
42 8 1599.81245
1 9 -252.991079
2 9 -102.940724
3 9 -238.083627
4 9 6371.97213
5 9 -18078.1259
6 9 -113.694676
7 9 772.853997
8 9 215.124667
9 9 742.812556
10 9 -13092.6432
11 9 44480.6783
12 9 86.6762979
13 9 -407.188414
14 9 -66.2659468
15 9 -324.432113
16 9 3907.07782
17 9 -17665.7393
18 9 142.885758
19 9 -45.8693289
20 9 -33.1160346
21 9 -17.206802
22 9 1077.39989
23 9 -2285.50911
24 9 20.2909085
25 9 -19.4730656
26 9 -13.6339978
27 9 -12.0967814
28 9 755.062921
29 9 -1201.48082
30 9 14.1338179
31 9 -11.7569752
32 9 -6.84898467
33 9 -5.79135452
34 9 302.325986
35 9 -553.389398
36 9 9.10190149
37 9 4.55185679
38 9 -2.18969375
39 9 2.41530354
40 9 93.6362432
41 9 151.106583
42 9 29.4160182
1 10 889.688003
2 10 70507.8245
3 10 4779.08169
4 10 -3048404.35
5 10 127062.275
6 10 -507872.149
7 10 -1310.28281
8 10 -239305.041
9 10 -13092.6432
10 10 9978243.25
11 10 -289684.817
12 10 1806790.02
13 10 -2080.37406
14 10 97397.1715
15 10 3301.40292
16 10 -2672711.95
17 10 67999.9822
18 10 -700782.235
19 10 -511.899479
20 10 31538.2108
21 10 1602.73661
22 10 -931173.633
23 10 21665.1457
24 10 -152776.892
25 10 24.68001
26 10 13245.0938
27 10 1250.04912
28 10 -656025.906
29 10 15136.6807
30 10 -113632.534
31 10 -354.667088
32 10 9176.59184
33 10 644.992944
34 10 -368426.073
35 10 -9460.41481
36 10 -74005.821
37 10 -1688.81265
38 10 7949.89845
39 10 122.176493
40 10 -327898.149
41 10 -55224.2191
42 10 -113597.933
1 11 -69196.0762
2 11 -3047.42598
3 11 -14823.9895
4 11 236230.69
5 11 -3605284.63
6 11 -246565.106
7 11 212531.675
8 11 1253.76131
9 11 44480.6783
10 11 -289684.817
11 11 10489816.6
12 11 667122.491
13 11 -87127.7277
14 11 -2815.60057
15 11 -23903.3338
16 11 221571.583
17 11 -3197531.46
18 11 -128677.349
19 11 -25441.2427
20 11 -617.127959
21 11 -3785.99602
22 11 59393.92
23 11 -987578.817
24 11 -54331.3539
25 11 -13177.1585
26 11 -535.107896
27 11 -2151.6152
28 11 41447.1807
29 11 -707038.668
30 11 -58144.6771
31 11 -4976.49963
32 11 71.5662
33 11 -1586.60405
34 11 3819.1184
35 11 -293764.245
36 11 -35099.9032
37 11 -1755.07754
38 11 1467.96173
39 11 673.327234
40 11 -47156.3699
41 11 -129053.198
42 11 -41860.7813
1 12 -5032.98817
2 12 5776.48011
3 12 -138.404942
4 12 -537133.613
5 12 -295086.033
6 12 -408560.911
7 12 9835.66478
8 12 -29201.6446
9 12 86.6762979
10 12 1806790.02
11 12 667122.491
12 12 1170468.11
13 12 -1952.18498
14 12 14530.6233
15 12 -102.61201
16 12 -604405.976
17 12 -160032.133
18 12 -476913.996
19 12 -737.1575
