# name: debug
# type: sparse matrix
# nnz: 1764
# rows: 42
# columns: 42

1 1 3665.42157
2 1 110.372795
3 1 399.418211
4 1 -3951.52571
5 1 149214.416
6 1 9283.08974
7 1 -2403.97819
8 1 -9.37905041
9 1 -252.991079
10 1 889.688003
11 1 -69196.0762
12 1 -5032.98817
13 1 -403.98911
14 1 -58.4700219
15 1 -93.3978266
16 1 1191.30037
17 1 -17805.8568
18 1 -1327.57052
19 1 -364.304397
20 1 -33.315393
21 1 -17.2169489
22 1 727.323044
23 1 -7285.43649
24 1 -574.708975
25 1 -94.1469213
26 1 2.9373404
27 1 -19.1656065
28 1 43.2544084
29 1 -5182.58328
30 1 -528.827713
31 1 -50.443637
32 1 4.51959851
33 1 -10.6693557
34 1 -115.524716
35 1 -2668.80861
36 1 -365.698997
37 1 -18.3970583
38 1 16.684343
39 1 9.32813366
40 1 -588.17391
41 1 -1071.2653
42 1 -445.011973
1 2 110.372795
2 2 4990.94227
3 2 162.783188
4 2 -174691.944
5 2 3961.49968
6 2 -21677.0721
7 2 -99.8922044
8 2 -3219.44445
9 2 -102.940724
10 2 70507.8245
11 2 -3047.42598
12 2 5776.48011
13 2 -47.1939095
14 2 -749.276626
15 2 -32.5058754
16 2 22879.669
17 2 -865.673108
18 2 8143.08831
19 2 -31.377554
20 2 -470.177173
21 2 -21.4502509
22 2 8211.46504
23 2 -680.127652
24 2 2121.52377
25 2 3.8214176
26 2 -95.1723054
27 2 -9.62179952
28 2 4853.10759
29 2 -16.1366812
30 2 948.901593
31 2 4.85022568
32 2 -66.1244458
33 2 -5.60730748
34 2 3132.41169
35 2 134.633811
36 2 798.485687
37 2 16.8141287
38 2 -77.0333562
39 2 -0.148083611
40 2 3073.6693
41 2 584.048557
42 2 1017.23567
1 3 399.418211
2 3 162.783188
3 3 328.149725
4 3 -10405.5673
5 3 26170.6951
6 3 5.72040872
7 3 -250.912588
8 3 -88.9809476
9 3 -238.083627
10 3 4779.08169
11 3 -14823.9895
12 3 -138.404942
13 3 -65.0613509
14 3 -29.4249802
15 3 -40.5718401
16 3 1538.75428
17 3 -3319.55492
18 3 91.4750394
19 3 -16.0613691
20 3 -16.6917077
21 3 -6.69902755
22 3 701.515559
23 3 -1157.58076
24 3 17.9374274
25 3 -12.5859485
26 3 -6.95688361
27 3 -6.07461311
28 3 422.169674
29 3 -775.098261
30 3 4.32850358
31 3 -5.6759447
32 3 -3.58462166
33 3 -3.23279781
34 3 185.156136
35 3 -304.263495
36 3 7.65557003
37 3 3.72177892
38 3 -1.04859931
39 3 2.01444644
40 3 47.1459249
41 3 127.547885
42 3 15.2694429
1 4 -3951.52571
2 4 -174691.944
3 4 -10405.5673
4 4 8747452.27
5 4 -281599.714
6 4 1416726.64
7 4 3734.07594
8 4 93558.281
9 4 6371.97213
10 4 -3048404.35
11 4 236230.69
12 4 -537133.613
13 4 1425.0653
14 4 33738.7568
15 4 2216.06669
16 4 -1296104.79
17 4 61688.1234
18 4 -389537.369
19 4 1298.53264
20 4 18479.9824
21 4 1359.19396
22 4 -645811.008
23 4 45270.374
24 4 -140351.524
25 4 -141.434078
26 4 7604.88616
27 4 852.921069
28 4 -435459.814
29 4 9294.53175
30 4 -81949.0654
31 4 -346.86009
32 4 5639.4709
33 4 486.852934
34 4 -299600.542
35 4 -8659.5187
36 4 -66446.674
37 4 -1309.969
38 4 6483.3229
39 4 36.941268
40 4 -294928.804
41 4 -45964.7161
42 4 -83366.6887
1 5 149214.416
2 5 3961.49968
3 5 26170.6951
4 5 -281599.714
5 5 8640704.74
6 5 633058.598
7 5 -85039.0224
8 5 -693.582458
9 5 -18078.1259
10 5 127062.275
11 5 -3605284.63
12 5 -295086.033
13 5 -23151.4774
14 5 -2060.14865
15 5 -5637.59132
16 5 85519.7502
17 5 -1223267.06
18 5 -103536.852
19 5 -15149.3893
20 5 -1412.49121
21 5 -1845.83648
22 5 50020.9407
23 5 -655888.03
24 5 -56392.91
25 5 -7793.2685
26 5 91.6949123
27 5 -1686.54509
28 5 11814.9661
29 5 -474086.782
30 5 -46007.481
31 5 -4496.00626
32 5 307.421514
33 5 -913.669184
34 5 -6658.67934
35 5 -267955.554
36 5 -31230.0195
37 5 -1964.92288
38 5 1276.1447
39 5 697.818147
40 5 -45751.0256
41 5 -139397.017
42 5 -37552.1416
1 6 9283.08974
2 6 -21677.0721
3 6 5.72040872
4 6 1416726.64
5 6 633058.598
6 6 766881.803
7 6 -4950.2594
8 6 6320.80081
9 6 -113.694676
10 6 -507872.149
11 6 -246565.106
12 6 -408560.911
13 6 -1485.47903
14 6 8174.53915
15 6 53.1959743
16 6 -269717.243
17 6 -91504.9568
18 6 -167979.518
19 6 -714.60447
20 6 2149.00797
21 6 6.64282866
22 6 -94167.3934
23 6 -47338.6849
24 6 -42529.5556
25 6 -584.451681
26 6 968.045096
27 6 -10.2321152
28 6 -55101.0147
29 6 -33846.0988
30 6 -24348.161
31 6 -409.88155
32 6 826.204171
33 6 -2.54834359
34 6 -37275.7513
35 6 -19757.7884
36 6 -19170.8701
37 6 -473.085618
38 6 1060.88786
39 6 20.9554836
40 6 -40112.5321
41 6 -19362.0838
42 6 -24948.668
1 7 -2403.97819
2 7 -99.8922044
3 7 -250.912588
4 7 3734.07594
5 7 -85039.0224
6 7 -4950.2594
7 7 6576.10652
8 7 -61.7410232
9 7 772.853997
10 7 -1310.28281
11 7 212531.675
12 7 9835.66478
13 7 -2700.2525
14 7 21.6857573
15 7 -484.915349
16 7 3037.09513
17 7 -69469.1485
18 7 -903.024561
19 7 -833.220029
20 7 -6.53505329
21 7 -62.0741306
22 7 533.036086
23 7 -13410.1214
24 7 -377.468847
25 7 -190.923713
26 7 -5.6108375
27 7 -25.8043905
28 7 449.400458
29 7 -9192.86383
30 7 -743.751689
31 7 -59.9328919
32 7 1.31772092
33 7 -21.9878135
34 7 0.445893097
35 7 -3263.35571
36 7 -467.131178
37 7 -17.4038709
38 7 22.0292073
39 7 10.0934301
40 7 -713.337749
41 7 -1029.39114
42 7 -559.83484
1 8 -9.37905041
2 8 -3219.44445
3 8 -88.9809476
4 8 93558.281
5 8 -693.582458
6 8 6320.80081
7 8 -61.7410232
8 8 8893.58788
9 8 215.124667
10 8 -239305.041
11 8 1253.76131
12 8 -29201.6446
13 8 189.603142
14 8 -3707.35808
15 8 -13.4699247
16 8 70414.2986
17 8 618.512494
18 8 13746.0519
19 8 32.7740667
20 8 -1114.11351
21 8 -31.4361729
22 8 15205.5951
23 8 12.6767593
24 8 2199.26252
25 8 1.66412884
26 8 -202.179985
27 8 -16.0600565
28 8 8832.41453
29 8 -102.222997
30 8 1592.26665
31 8 5.26343082
32 8 -142.604249
33 8 -8.4852173
34 8 4779.70417
35 8 161.5187
36 8 931.644671
37 8 24.4768033
38 8 -108.535523
39 8 -1.21011953
40 8 3935.22048
41 8 787.460479
42 8 1599.81245
1 9 -252.991079
2 9 -102.940724
3 9 -238.083627
4 9 6371.97213
5 9 -18078.1259
6 9 -113.694676
7 9 772.853997
8 9 215.124667
9 9 742.812556
10 9 -13092.6432
11 9 44480.6783
12 9 86.6762979
13 9 -407.188414
14 9 -66.2659468
15 9 -324.432113
16 9 3907.07782
17 9 -17665.7393
18 9 142.885758
19 9 -45.8693289
20 9 -33.1160346
21 9 -17.206802
22 9 1077.39989
23 9 -2285.50911
24 9 20.2909085
25 9 -19.4730656
26 9 -13.6339978
27 9 -12.0967814
28 9 755.062921
29 9 -1201.48082
30 9 14.1338179
31 9 -11.7569752
32 9 -6.84898467
33 9 -5.79135452
34 9 302.325986
35 9 -553.389398
36 9 9.10190149
37 9 4.55185679
38 9 -2.18969375
39 9 2.41530354
40 9 93.6362432
41 9 151.106583
42 9 29.4160182
1 10 889.688003
2 10 70507.8245
3 10 4779.08169
4 10 -3048404.35
5 10 127062.275
6 10 -507872.149
7 10 -1310.28281
8 10 -239305.041
9 10 -13092.6432
10 10 9978243.25
11 10 -289684.817
12 10 1806790.02
13 10 -2080.37406
14 10 97397.1715
15 10 3301.40292
16 10 -2672711.95
17 10 67999.9822
18 10 -700782.235
19 10 -511.899479
20 10 31538.2108
21 10 1602.73661
22 10 -931173.633
23 10 21665.1457
24 10 -152776.892
25 10 24.68001
26 10 13245.0938
27 10 1250.04912
28 10 -656025.906
29 10 15136.6807
30 10 -113632.534
31 10 -354.667088
32 10 9176.59184
33 10 644.992944
34 10 -368426.073
35 10 -9460.41481
36 10 -74005.821
37 10 -1688.81265
38 10 7949.89845
39 10 122.176493
40 10 -327898.149
41 10 -55224.2191
42 10 -113597.933
1 11 -69196.0762
2 11 -3047.42598
3 11 -14823.9895
4 11 236230.69
5 11 -3605284.63
6 11 -246565.106
7 11 212531.675
8 11 1253.76131
9 11 44480.6783
10 11 -289684.817
11 11 10489816.6
12 11 667122.491
13 11 -87127.7277
14 11 -2815.60057
15 11 -23903.3338
16 11 221571.583
17 11 -3197531.46
18 11 -128677.349
19 11 -25441.2427
20 11 -617.127959
21 11 -3785.99602
22 11 59393.92
23 11 -987578.817
24 11 -54331.3539
25 11 -13177.1585
26 11 -535.107896
27 11 -2151.6152
28 11 41447.1807
29 11 -707038.668
30 11 -58144.6771
31 11 -4976.49963
32 11 71.5662
33 11 -1586.60405
34 11 3819.1184
35 11 -293764.245
36 11 -35099.9032
37 11 -1755.07754
38 11 1467.96173
39 11 673.327234
40 11 -47156.3699
41 11 -129053.198
42 11 -41860.7813
1 12 -5032.98817
2 12 5776.48011
3 12 -138.404942
4 12 -537133.613
5 12 -295086.033
6 12 -408560.911
7 12 9835.66478
8 12 -29201.6446
9 12 86.6762979
10 12 1806790.02
11 12 667122.491
12 12 1170468.11
13 12 -1952.18498
14 12 14530.6233
15 12 -102.61201
16 12 -604405.976
17 12 -160032.133
18 12 -476913.996
19 12 -737.1575
20 12 2387.9391
21 12 -16.5341577
22 12 -122333.488
23 12 -59071.4943
24 12 -63998.1759
25 12 -898.659529
26 12 1642.76905
27 12 -9.74027854
28 12 -80417.8208
29 12 -50019.5051
30 12 -40480.3464
31 12 -543.662674
32 12 992.194918
33 12 -14.6375904
34 12 -47015.0174
35 12 -25056.9811
36 12 -27559.5906
37 12 -624.55915
38 12 1658.06558
39 12 29.8120579
40 12 -56445.5035
41 12 -24155.9406
42 12 -35228.7427
1 13 -403.98911
2 13 -47.1939095
3 13 -65.0613509
4 13 1425.0653
5 13 -23151.4774
6 13 -1485.47903
7 13 -2700.2525
8 13 189.603142
9 13 -407.188414
10 13 -2080.37406
11 13 -87127.7277
12 13 -1952.18498
13 13 8607.66466
14 13 52.0956347
15 13 890.453326
16 13 -5738.33748
17 13 231092.701
18 13 10516.1302
19 13 -4628.28893
20 13 -139.427357
21 13 -203.224325
22 13 3945.53714
23 13 -62340.529
24 13 -2732.84569
25 13 -368.264111
26 13 -0.86288984
27 13 -85.0913681
28 13 418.513296
29 13 -18925.1524
30 13 -1874.41559
31 13 -156.404834
32 13 12.8010312
33 13 -40.4123756
34 13 -295.050624
35 13 -7719.02932
36 13 -1010.15734
37 13 -65.4812856
38 13 32.4547938
39 13 -2.01625346
40 13 -952.1545
41 13 -3136.72851
42 13 -882.972767
1 14 -58.4700219
2 14 -749.276626
3 14 -29.4249802
4 14 33738.7568
5 14 -2060.14865
6 14 8174.53915
7 14 21.6857573
8 14 -3707.35808
9 14 -66.2659468
10 14 97397.1715
11 14 -2815.60057
12 14 14530.6233
13 14 52.0956347
14 14 11681.0188
15 14 239.971797
16 14 -272129.638
17 14 5908.42297
18 14 -39623.8943
19 14 -198.646721
20 14 -6084.80695
21 14 -108.284319
22 14 74544.4319
23 14 -4711.08306
24 14 4612.28409
25 14 -5.19700764
26 14 -363.299522
27 14 -36.2750547
28 14 17198.2084
29 14 -670.398545
30 14 4114.17323
31 14 9.00611559
32 14 -256.018673
33 14 -17.3272036
34 14 9998.18459
35 14 192.086498
36 14 2769.0612
37 14 29.5479498
38 14 -185.610215
39 14 -6.6236497
40 14 6768.02084
41 14 861.882162
42 14 2420.49681
1 15 -93.3978266
2 15 -32.5058754
3 15 -40.5718401
4 15 2216.06669
5 15 -5637.59132
6 15 53.1959743
7 15 -484.915349
8 15 -13.4699247
9 15 -324.432113
10 15 3301.40292
11 15 -23903.3338
12 15 -102.61201
13 15 890.453326
14 15 239.971797
15 15 765.966081
16 15 -15158.6799
17 15 44131.7991
18 15 -162.714726
19 15 -205.796009
20 15 -121.676132
21 15 -202.450421
22 15 4496.39488
23 15 -9080.3634
24 15 -23.6809058
25 15 -68.6877615
26 15 -29.7702373
27 15 -34.4610785
28 15 1758.30454
29 15 -3936.37183
30 15 2.79430077
31 15 -26.4992313
32 15 -12.8594299
33 15 -13.9443177
34 15 627.773972
35 15 -1277.59296
36 15 19.952955
37 15 -1.88606554
38 15 -5.34331774
39 15 -1.35440348
40 15 238.394192
41 15 -136.507903
42 15 29.1501311
1 16 1191.30037
2 16 22879.669
3 16 1538.75428
4 16 -1296104.79
5 16 85519.7502
6 16 -269717.243
7 16 3037.09513
8 16 70414.2986
9 16 3907.07782
10 16 -2672711.95
11 16 221571.583
12 16 -604405.976
13 16 -5738.33748
14 16 -272129.638
15 16 -15158.6799
16 16 10736365.6
17 16 -402698.936
18 16 1988400.94
19 16 6268.64305
20 16 119216.765
21 16 5516.51372
22 16 -2909084.89
23 16 218437.486
24 16 -374703.192
25 16 660.04587
26 16 22457.4704
27 16 2653.42393
28 16 -1172228.07
29 16 71944.1722
30 16 -262785.534
31 16 -466.657848
32 16 16011.9816
33 16 1236.23066
34 16 -705814.798
35 16 -3064.17812
36 16 -175913.14
37 16 -1761.3653
38 16 12260.0204
39 16 502.022925
40 16 -494318.447
41 16 -49487.2181
42 16 -152212.329
1 17 -17805.8568
2 17 -865.673108
3 17 -3319.55492
4 17 61688.1234
5 17 -1223267.06
6 17 -91504.9568
7 17 -69469.1485
8 17 618.512494
9 17 -17665.7393
10 17 67999.9822
11 17 -3197531.46
12 17 -160032.133
13 17 231092.701
14 17 5908.42297
15 17 44131.7991
16 17 -402698.936
17 17 10780860
18 17 782087.054
19 17 -95347.4403
20 17 -5041.66764
21 17 -11094.6391
22 17 183773.46
23 17 -2979801.52
24 17 -229619.754
25 17 -23962.6276
26 17 -342.086658
27 17 -5999.05776
28 17 54552.0966
29 17 -1339238.43
30 17 -129947.132
31 17 -11159.0076
32 17 630.925954
33 17 -2756.72333
34 17 -11192.7978
35 17 -603472.334
36 17 -69430.6562
37 17 -5061.58045
38 17 1879.4284
39 17 -223.151709
40 17 -56720.4758
41 17 -279232.974
42 17 -59093.4825
1 18 -1327.57052
2 18 8143.08831
3 18 91.4750394
4 18 -389537.369
5 18 -103536.852
6 18 -167979.518
7 18 -903.024561
8 18 13746.0519
9 18 142.885758
10 18 -700782.235
11 18 -128677.349
12 18 -476913.996
13 18 10516.1302
14 18 -39623.8943
15 18 -162.714726
16 18 1988400.94
17 18 782087.054
18 18 1286195.31
19 18 -3165.24038
20 18 6108.30211
21 18 -8.30560045
22 18 -371000.33
23 18 -214716.665
24 18 -334852.782
25 18 -1959.00689
26 18 4303.94742
27 18 -10.1413741
28 18 -212416.273
29 18 -107119.253
30 18 -99319.6244
31 18 -1081.99006
32 18 2940.81487
33 18 2.39909501
34 18 -118024.629
35 18 -49517.9352
36 18 -65337.706
37 18 -922.219512
38 18 2562.21554
39 18 29.6594077
40 18 -85842.2075
41 18 -34872.2299
42 18 -50217.3268
1 19 -364.304397
2 19 -31.377554
3 19 -16.0613691
4 19 1298.53264
5 19 -15149.3893
6 19 -714.60447
7 19 -833.220029
8 19 32.7740667
9 19 -45.8693289
10 19 -511.899479
11 19 -25441.2427
12 19 -737.1575
13 19 -4628.28893
14 19 -198.646721
15 19 -205.796009
16 19 6268.64305
17 19 -95347.4403
18 19 -3165.24038
19 19 10966.1106
20 19 704.46175
21 19 679.115173
22 19 -6139.46748
23 19 210113.524
24 19 13808.2027
25 19 -4420.04603
26 19 156.02983
27 19 -281.078835
28 19 881.53025
29 19 -55022.6935
30 19 -5266.97524
31 19 -866.570453
32 19 -88.0649059
33 19 -88.3481657
34 19 971.137935
35 19 -9051.51774
36 19 -2013.08313
37 19 -392.76814
38 19 30.623174
39 19 -30.1694808
40 19 -801.94086
41 19 -1357.98187
42 19 -1394.91037
1 20 -33.315393
2 20 -470.177173
3 20 -16.6917077
4 20 18479.9824
5 20 -1412.49121
6 20 2149.00797
7 20 -6.53505329
8 20 -1114.11351
9 20 -33.1160346
10 20 31538.2108
11 20 -617.127959
12 20 2387.9391
13 20 -139.427357
14 20 -6084.80695
15 20 -121.676132
16 20 119216.765
17 20 -5041.66764
18 20 6108.30211
19 20 704.46175
20 20 14151.3772
21 20 384.102251
22 20 -248281.564
23 20 6165.75952
24 20 -30718.3126
25 20 148.525315
26 20 -4913.56457
27 20 -156.17793
28 20 51355.254
29 20 -926.357699
30 20 9503.38272
31 20 -88.1012257
32 20 -1427.81728
33 20 -61.0632237
34 20 16940.5043
35 20 -1038.93498
36 20 6028.56829
37 20 28.5290026
38 20 -502.122876
39 20 -24.2516294
40 20 4253.96605
41 20 724.228048
42 20 3282.01749
1 21 -17.2169489
2 21 -21.4502509
3 21 -6.69902755
4 21 1359.19396
5 21 -1845.83648
6 21 6.64282866
7 21 -62.0741306
8 21 -31.4361729
9 21 -17.206802
10 21 1602.73661
11 21 -3785.99602
12 21 -16.5341577
13 21 -203.224325
14 21 -108.284319
15 21 -202.450421
16 21 5516.51372
17 21 -11094.6391
18 21 -8.30560045
19 21 679.115173
20 21 384.102251
21 21 651.099546
22 21 -17984.2743
23 21 38051.5724
24 21 -21.8216704
25 21 -274.698034
26 21 -151.518559
27 21 -233.524812
28 21 6115.0842
29 21 -15149.4855
30 21 -41.8566172
31 21 -69.2111213
32 21 -51.2086897
33 21 -37.013896
34 21 1592.65604
35 21 -3090.16807
36 21 44.1561925
37 21 -20.1594636
38 21 -18.4602102
39 21 -12.5426349
40 21 610.574274
41 21 -824.370244
42 21 32.6283296
1 22 727.323044
2 22 8211.46504
3 22 701.515559
4 22 -645811.008
5 22 50020.9407
6 22 -94167.3934
7 22 533.036086
8 22 15205.5951
9 22 1077.39989
10 22 -931173.633
11 22 59393.92
12 22 -122333.488
13 22 3945.53714
14 22 74544.4319
15 22 4496.39488
16 22 -2909084.89
17 22 183773.46
18 22 -371000.33
19 22 -6139.46748
20 22 -248281.564
21 22 -17984.2743
22 22 10680415.3
23 22 -469612.91
24 22 1812262.45
25 22 -213.633974
26 22 87080.1209
27 22 7877.32634
28 22 -3109180.43
29 22 208932.386
30 22 -632469.121
31 22 2328.21672
32 22 40116.7841
33 22 3006.98665
34 22 -1323586.05
35 22 44065.7696
36 22 -309330.123
37 22 -1441.19618
38 22 15429.21
39 22 1396.32445
40 22 -710256.043
41 22 -31664.09
42 22 -189031.235
1 23 -7285.43649
2 23 -680.127652
3 23 -1157.58076
4 23 45270.374
5 23 -655888.03
6 23 -47338.6849
7 23 -13410.1214
8 23 12.6767593
9 23 -2285.50911
10 23 21665.1457
11 23 -987578.817
12 23 -59071.4943
13 23 -62340.529
14 23 -4711.08306
15 23 -9080.3634
16 23 218437.486
17 23 -2979801.52
18 23 -214716.665
19 23 210113.524
20 23 6165.75952
21 23 38051.5724
22 23 -469612.91
23 23 10889258.4
24 23 910204.367
25 23 -86001.6932
26 23 396.818052
27 23 -18535.3318
28 23 202086.843
29 23 -3757675.02
30 23 -320940.625
31 23 -22705.5252
32 23 -2330.46325
33 23 -5453.73637
34 23 42999.9804
35 23 -1103758.62
36 23 -129900.711
37 23 -9925.91306
38 23 1505.44906
39 23 -1879.46093
40 23 -36916.1548
41 23 -565628.149
42 23 -94885.5066
1 24 -574.708975
2 24 2121.52377
3 24 17.9374274
4 24 -140351.524
5 24 -56392.91
6 24 -42529.5556
7 24 -377.468847
8 24 2199.26252
9 24 20.2909085
10 24 -152776.892
11 24 -54331.3539
12 24 -63998.1759
13 24 -2732.84569
14 24 4612.28409
15 24 -23.6809058
16 24 -374703.192
17 24 -229619.754
18 24 -334852.782
19 24 13808.2027
20 24 -30718.3126
21 24 -21.8216704
22 24 1812262.45
23 24 910204.367
24 24 1186856.41
25 24 -5833.85426
26 24 10468.8704
27 24 -41.9555903
28 24 -584227.262
29 24 -291102.004
30 24 -433495.496
31 24 -2197.32187
32 24 6411.39195
33 24 23.6419038
34 24 -220520.138
35 24 -101119.758
36 24 -154234.529
37 24 -1534.33883
38 24 3410.58748
39 24 24.5476282
40 24 -119297.123
41 24 -64801.9467
42 24 -76484.5932
1 25 -94.1469213
2 25 3.8214176
3 25 -12.5859485
4 25 -141.434078
5 25 -7793.2685
6 25 -584.451681
7 25 -190.923713
8 25 1.66412884
9 25 -19.4730656
10 25 24.68001
11 25 -13177.1585
12 25 -898.659529
13 25 -368.264111
14 25 -5.19700764
15 25 -68.6877615
16 25 660.04587
17 25 -23962.6276
18 25 -1959.00689
19 25 -4420.04603
20 25 148.525315
21 25 -274.698034
22 25 -213.633974
23 25 -86001.6932
24 25 -5833.85426
25 25 7788.38411
26 25 -79.0803188
27 25 821.235113
28 25 -3779.87777
29 25 210272.703
30 25 18900.7044
31 25 -2029.96363
32 25 -128.565421
33 25 -208.796902
34 25 2853.48058
35 25 -68957.8232
36 25 -5741.66009
37 25 -440.924198
38 25 58.4944543
39 25 -252.924449
40 25 -986.474945
41 25 -22080.9419
42 25 -3577.10487
1 26 2.9373404
2 26 -95.1723054
3 26 -6.95688361
4 26 7604.88616
5 26 91.6949123
6 26 968.045096
7 26 -5.6108375
8 26 -202.179985
9 26 -13.6339978
10 26 13245.0938
11 26 -535.107896
12 26 1642.76905
13 26 -0.86288984
14 26 -363.299522
15 26 -29.7702373
16 26 22457.4704
17 26 -342.086658
18 26 4303.94742
19 26 156.02983
20 26 -4913.56457
21 26 -151.518559
22 26 87080.1209
23 26 396.818052
24 26 10468.8704
25 26 -79.0803188
26 26 9747.99986
27 26 421.001218
28 26 -235651.077
29 26 3743.54921
30 26 -39834.9834
31 26 -125.873148
32 26 -2556.13638
33 26 -148.018929
34 26 67653.2574
35 26 -2810.09115
36 26 12827.7055
37 26 51.6605931
38 26 -1370.11391
39 26 -74.4424753
40 26 34827.9542
41 26 800.028378
42 26 7520.72401
1 27 -19.1656065
2 27 -9.62179952
3 27 -6.07461311
4 27 852.921069
5 27 -1686.54509
6 27 -10.2321152
7 27 -25.8043905
8 27 -16.0600565
9 27 -12.0967814
10 27 1250.04912
11 27 -2151.6152
12 27 -9.74027854
13 27 -85.0913681
14 27 -36.2750547
15 27 -34.4610785
16 27 2653.42393
17 27 -5999.05776
18 27 -10.1413741
19 27 -281.078835
20 27 -156.17793
21 27 -233.524812
22 27 7877.32634
23 27 -18535.3318
24 27 -41.9555903
25 27 821.235113
26 27 421.001218
27 27 707.091081
28 27 -21078.4055
29 27 50255.7655
30 27 51.179732
31 27 -223.728097
32 27 -128.881751
33 27 -301.762776
34 27 5463.60266
35 27 -14702.5509
36 27 -17.2322467
37 27 -141.952519
38 27 -60.4308156
39 27 -48.8458991
40 27 2433.51137
41 27 -5210.34963
42 27 28.0424757
1 28 43.2544084
2 28 4853.10759
3 28 422.169674
4 28 -435459.814
5 28 11814.9661
6 28 -55101.0147
7 28 449.400458
8 28 8832.41453
9 28 755.062921
10 28 -656025.906
11 28 41447.1807
12 28 -80417.8208
13 28 418.513296
14 28 17198.2084
15 28 1758.30454
16 28 -1172228.07
17 28 54552.0966
18 28 -212416.273
19 28 881.53025
20 28 51355.254
21 28 6115.0842
22 28 -3109180.43
23 28 202086.843
24 28 -584227.262
25 28 -3779.87777
26 28 -235651.077
27 28 -21078.4055
28 28 11236112.2
29 28 -473919.196
30 28 2171819.28
31 28 3769.77077
32 28 90428.219
33 28 7559.1457
34 28 -2981143.29
35 28 174049.766
36 28 -697633.097
37 28 -1787.81031
38 28 55348.221
39 28 4174.29708
40 28 -1803207.5
41 28 -2424.25634
42 28 -430786.201
1 29 -5182.58328
2 29 -16.1366812
3 29 -775.098261
4 29 9294.53175
5 29 -474086.782
6 29 -33846.0988
7 29 -9192.86383
8 29 -102.222997
9 29 -1201.48082
10 29 15136.6807
11 29 -707038.668
12 29 -50019.5051
13 29 -18925.1524
14 29 -670.398545
15 29 -3936.37183
16 29 71944.1722
17 29 -1339238.43
18 29 -107119.253
19 29 -55022.6935
20 29 -926.357699
21 29 -15149.4855
22 29 208932.386
23 29 -3757675.02
24 29 -291102.004
25 29 210272.703
26 29 3743.54921
27 29 50255.7655
28 29 -473919.196
29 29 11798706.2
30 29 990797.237
31 29 -84782.137
32 29 -3799.70107
33 29 -18031.406
34 29 173697.179
35 29 -3457513.53
36 29 -276232.939
37 29 -28221.8782
38 29 2054.81652
39 29 -11046.5301
40 29 -12775.7574
41 29 -1437488.35
42 29 -192837.391
1 30 -528.827713
2 30 948.901593
3 30 4.32850358
4 30 -81949.0654
5 30 -46007.481
6 30 -24348.161
7 30 -743.751689
8 30 1592.26665
9 30 14.1338179
10 30 -113632.534
11 30 -58144.6771
12 30 -40480.3464
13 30 -1874.41559
14 30 4114.17323
15 30 2.79430077
16 30 -262785.534
17 30 -129947.132
18 30 -99319.6244
19 30 -5266.97524
20 30 9503.38272
21 30 -41.8566172
22 30 -632469.121
23 30 -320940.625
24 30 -433495.496
25 30 18900.7044
26 30 -39834.9834
27 30 51.179732
28 30 2171819.28
29 30 990797.237
30 30 1371276.47
31 30 -6037.06515
32 30 13509.4551
33 30 -12.2595045
34 30 -602631.918
35 30 -236316.534
36 30 -455057.191
37 30 -3681.7638
38 30 8000.28523
39 30 -31.8493478
40 30 -329575.903
41 30 -144137.576
42 30 -242027.443
1 31 -50.443637
2 31 4.85022568
3 31 -5.6759447
4 31 -346.86009
5 31 -4496.00626
6 31 -409.88155
7 31 -59.9328919
8 31 5.26343082
9 31 -11.7569752
10 31 -354.667088
11 31 -4976.49963
12 31 -543.662674
13 31 -156.404834
14 31 9.00611559
15 31 -26.4992313
16 31 -466.657848
17 31 -11159.0076
18 31 -1081.99006
19 31 -866.570453
20 31 -88.1012257
21 31 -69.2111213
22 31 2328.21672
23 31 -22705.5252
24 31 -2197.32187
25 31 -2029.96363
26 31 -125.873148
27 31 -223.728097
28 31 3769.77077
29 31 -84782.137
30 31 -6037.06515
31 31 6999.80618
32 31 -53.7872296
33 31 869.533018
34 31 -1499.84345
35 31 224290.426
36 31 15932.9214
37 31 -3595.69599
38 31 264.356754
39 31 -493.32872
40 31 -319.920724
41 31 -106074.317
42 31 -5309.87644
1 32 4.51959851
2 32 -66.1244458
3 32 -3.58462166
4 32 5639.4709
5 32 307.421514
6 32 826.204171
7 32 1.31772092
8 32 -142.604249
9 32 -6.84898467
10 32 9176.59184
11 32 71.5662
12 32 992.194918
13 32 12.8010312
14 32 -256.018673
15 32 -12.8594299
16 32 16011.9816
17 32 630.925954
18 32 2940.81487
19 32 -88.0649059
20 32 -1427.81728
21 32 -51.2086897
22 32 40116.7841
23 32 -2330.46325
24 32 6411.39195
25 32 -128.565421
26 32 -2556.13638
27 32 -128.881751
28 32 90428.219
29 32 -3799.70107
30 32 13509.4551
31 32 -53.7872296
32 32 11159.6077
33 32 446.185443
34 32 -270221.121
35 32 1444.94239
36 32 -33818.5015
37 32 227.700927
38 32 -6438.32272
39 32 -204.322702
40 32 121214.666
41 32 -439.11215
42 32 7828.56772
1 33 -10.6693557
2 33 -5.60730748
3 33 -3.23279781
4 33 486.852934
5 33 -913.669184
6 33 -2.54834359
7 33 -21.9878135
8 33 -8.4852173
9 33 -5.79135452
10 33 644.992944
11 33 -1586.60405
12 33 -14.6375904
13 33 -40.4123756
14 33 -17.3272036
15 33 -13.9443177
16 33 1236.23066
17 33 -2756.72333
18 33 2.39909501
19 33 -88.3481657
20 33 -61.0632237
21 33 -37.013896
22 33 3006.98665
23 33 -5453.73637
24 33 23.6419038
25 33 -208.796902
26 33 -148.018929
27 33 -301.762776
28 33 7559.1457
29 33 -18031.406
30 33 -12.2595045
31 33 869.533018
32 33 446.185443
33 33 1001.91267
34 33 -20371.4957
35 33 51856.1994
36 33 64.4354118
37 33 -495.334428
38 33 -192.797942
39 33 -551.308433
40 33 8623.62394
41 33 -24283.269
42 33 -95.291416
1 34 -115.524716
2 34 3132.41169
3 34 185.156136
4 34 -299600.542
5 34 -6658.67934
6 34 -37275.7513
7 34 0.445893097
8 34 4779.70417
9 34 302.325986
10 34 -368426.073
11 34 3819.1184
12 34 -47015.0174
13 34 -295.050624
14 34 9998.18459
15 34 627.773972
16 34 -705814.798
17 34 -11192.7978
18 34 -118024.629
19 34 971.137935
20 34 16940.5043
21 34 1592.65604
22 34 -1323586.05
23 34 42999.9804
24 34 -220520.138
25 34 2853.48058
26 34 67653.2574
27 34 5463.60266
28 34 -2981143.29
29 34 173697.179
30 34 -602631.918
31 34 -1499.84345
32 34 -270221.121
33 34 -20371.4957
34 34 9791672.45
35 34 -338808.538
36 34 1755717.65
37 34 -1184.69232
38 34 160005.884
39 34 10837.2844
40 34 -4172742.98
41 34 188158.946
42 34 -676556.212
1 35 -2668.80861
2 35 134.633811
3 35 -304.263495
4 35 -8659.5187
5 35 -267955.554
6 35 -19757.7884
7 35 -3263.35571
8 35 161.5187
9 35 -553.389398
10 35 -9460.41481
11 35 -293764.245
12 35 -25056.9811
13 35 -7719.02932
14 35 192.086498
15 35 -1277.59296
16 35 -3064.17812
17 35 -603472.334
18 35 -49517.9352
19 35 -9051.51774
20 35 -1038.93498
21 35 -3090.16807
22 35 44065.7696
23 35 -1103758.62
24 35 -101119.758
25 35 -68957.8232
26 35 -2810.09115
27 35 -14702.5509
28 35 174049.766
29 35 -3457513.53
30 35 -236316.534
31 35 224290.426
32 35 1444.94239
33 35 51856.1994
34 35 -338808.538
35 35 10305355.5
36 35 757325.8
37 35 -125108.98
38 35 2359.13695
39 35 -29747.7401
40 35 154902.844
41 35 -4557803.19
42 35 -306459.36
1 36 -365.698997
2 36 798.485687
3 36 7.65557003
4 36 -66446.674
5 36 -31230.0195
6 36 -19170.8701
7 36 -467.131178
8 36 931.644671
9 36 9.10190149
10 36 -74005.821
11 36 -35099.9032
12 36 -27559.5906
13 36 -1010.15734
14 36 2769.0612
15 36 19.952955
16 36 -175913.14
17 36 -69430.6562
18 36 -65337.706
19 36 -2013.08313
20 36 6028.56829
21 36 44.1561925
22 36 -309330.123
23 36 -129900.711
24 36 -154234.529
25 36 -5741.66009
26 36 12827.7055
27 36 -17.2322467
28 36 -697633.097
29 36 -276232.939
30 36 -455057.191
31 36 15932.9214
32 36 -33818.5015
33 36 64.4354118
34 36 1755717.65
35 36 757325.8
36 36 1381298.05
37 36 -5568.53218
38 36 9310.51687
39 36 -110.350113
40 36 -654007.073
41 36 -278325.084
42 36 -605197.552
1 37 -18.3970583
2 37 16.8141287
3 37 3.72177892
4 37 -1309.969
5 37 -1964.92288
6 37 -473.085618
7 37 -17.4038709
8 37 24.4768033
9 37 4.55185679
10 37 -1688.81265
11 37 -1755.07754
12 37 -624.55915
13 37 -65.4812856
14 37 29.5479498
15 37 -1.88606554
16 37 -1761.3653
17 37 -5061.58045
18 37 -922.219512
19 37 -392.76814
20 37 28.5290026
21 37 -20.1594636
22 37 -1441.19618
23 37 -9925.91306
24 37 -1534.33883
25 37 -440.924198
26 37 51.6605931
27 37 -141.952519
28 37 -1787.81031
29 37 -28221.8782
30 37 -3681.7638
31 37 -3595.69599
32 37 227.700927
33 37 -495.334428
34 37 -1184.69232
35 37 -125108.98
36 37 -5568.53218
37 37 4779.31115
38 37 -411.285306
39 37 761.189329
40 37 4293.21122
41 37 140917.391
42 37 12728.1555
1 38 16.684343
2 38 -77.0333562
3 38 -1.04859931
4 38 6483.3229
5 38 1276.1447
6 38 1060.88786
7 38 22.0292073
8 38 -108.535523
9 38 -2.18969375
10 38 7949.89845
11 38 1467.96173
12 38 1658.06558
13 38 32.4547938
14 38 -185.610215
15 38 -5.34331774
16 38 12260.0204
17 38 1879.4284
18 38 2562.21554
19 38 30.623174
20 38 -502.122876
21 38 -18.4602102
22 38 15429.21
23 38 1505.44906
24 38 3410.58748
25 38 58.4944543
26 38 -1370.11391
27 38 -60.4308156
28 38 55348.221
29 38 2054.81652
30 38 8000.28523
31 38 264.356754
32 38 -6438.32272
33 38 -192.797942
34 38 160005.884
35 38 2359.13695
36 38 9310.51687
37 38 -411.285306
38 38 9056.73562
39 38 312.603187
40 38 -183096.255
41 38 -4294.98525
42 38 -25333.8847
1 39 9.32813366
2 39 -0.148083611
3 39 2.01444644
4 39 36.941268
5 39 697.818147
6 39 20.9554836
7 39 10.0934301
8 39 -1.21011953
9 39 2.41530354
10 39 122.176493
11 39 673.327234
12 39 29.8120579
13 39 -2.01625346
14 39 -6.6236497
15 39 -1.35440348
16 39 502.022925
17 39 -223.151709
18 39 29.6594077
19 39 -30.1694808
20 39 -24.2516294
21 39 -12.5426349
22 39 1396.32445
23 39 -1879.46093
24 39 24.5476282
25 39 -252.924449
26 39 -74.4424753
27 39 -48.8458991
28 39 4174.29708
29 39 -11046.5301
30 39 -31.8493478
31 39 -493.32872
32 39 -204.322702
33 39 -551.308433
34 39 10837.2844
35 39 -29747.7401
36 39 -110.350113
37 39 761.189329
38 39 312.603187
39 39 876.372882
40 39 -14433.1046
41 39 36408.4511
42 39 5.52341993
1 40 -588.17391
2 40 3073.6693
3 40 47.1459249
4 40 -294928.804
5 40 -45751.0256
6 40 -40112.5321
7 40 -713.337749
8 40 3935.22048
9 40 93.6362432
10 40 -327898.149
11 40 -47156.3699
12 40 -56445.5035
13 40 -952.1545
14 40 6768.02084
15 40 238.394192
16 40 -494318.447
17 40 -56720.4758
18 40 -85842.2075
19 40 -801.94086
20 40 4253.96605
21 40 610.574274
22 40 -710256.043
23 40 -36916.1548
24 40 -119297.123
25 40 -986.474945
26 40 34827.9542
27 40 2433.51137
28 40 -1803207.5
29 40 -12775.7574
30 40 -329575.903
31 40 -319.920724
32 40 121214.666
33 40 8623.62394
34 40 -4172742.98
35 40 154902.844
36 40 -654007.073
37 40 4293.21122
38 40 -183096.255
39 40 -14433.1046
40 40 6378083.56
41 40 -98898.8025
42 40 1309911.01
1 41 -1071.2653
2 41 584.048557
3 41 127.547885
4 41 -45964.7161
5 41 -139397.017
6 41 -19362.0838
7 41 -1029.39114
8 41 787.460479
9 41 151.106583
10 41 -55224.2191
11 41 -129053.198
12 41 -24155.9406
13 41 -3136.72851
14 41 861.882162
15 41 -136.507903
16 41 -49487.2181
17 41 -279232.974
18 41 -34872.2299
19 41 -1357.98187
20 41 724.228048
21 41 -824.370244
22 41 -31664.09
23 41 -565628.149
24 41 -64801.9467
25 41 -22080.9419
26 41 800.028378
27 41 -5210.34963
28 41 -2424.25634
29 41 -1437488.35
30 41 -144137.576
31 41 -106074.317
32 41 -439.11215
33 41 -24283.269
34 41 188158.946
35 41 -4557803.19
36 41 -278325.084
37 41 140917.391
38 41 -4294.98525
39 41 36408.4511
40 41 -98898.8025
41 41 6391358.29
42 41 582577.215
1 42 -445.011973
2 42 1017.23567
3 42 15.2694429
4 42 -83366.6887
5 42 -37552.1416
6 42 -24948.668
7 42 -559.83484
8 42 1599.81245
9 42 29.4160182
10 42 -113597.933
11 42 -41860.7813
12 42 -35228.7427
13 42 -882.972767
14 42 2420.49681
15 42 29.1501311
16 42 -152212.329
17 42 -59093.4825
18 42 -50217.3268
19 42 -1394.91037
20 42 3282.01749
21 42 32.6283296
22 42 -189031.235
23 42 -94885.5066
24 42 -76484.5932
25 42 -3577.10487
26 42 7520.72401
27 42 28.0424757
28 42 -430786.201
29 42 -192837.391
30 42 -242027.443
31 42 -5309.87644
32 42 7828.56772
33 42 -95.291416
34 42 -676556.212
35 42 -306459.36
36 42 -605197.552
37 42 12728.1555
38 42 -25333.8847
39 42 5.52341993
40 42 1309911.01
41 42 582577.215
42 42 1097761.33
